Rk,G,Date,Age,Tm,,Opp,,GS,MP,FG,FGA,FG%,3P,3PA,3P%,FT,FTA,FT%,ORB,DRB,TRB,AST,STL,BLK,TOV,PF,PTS,GmSc,+/-
1,1,2019-10-23,31-094,BRK,,MIN,L (-1),0,16:38,0,1,.000,0,0,,2,2,1.000,1,2,3,1,0,0,1,4,2,0.7,-12
2,2,2019-10-25,31-096,BRK,,NYK,W (+4),0,22:45,3,5,.600,0,0,,1,4,.250,4,7,11,1,1,0,3,4,7,5.5,+7
3,3,2019-10-27,31-098,BRK,@,MEM,L (-1),1,23:26,3,3,1.000,0,0,,0,2,.000,1,11,12,1,0,2,1,1,6,9.0,-5
4,4,2019-10-30,31-101,BRK,,IND,L (-10),1,22:36,3,7,.429,0,0,,2,4,.500,7,10,17,0,0,1,1,3,8,9.9,-5
5,5,2019-11-01,31-103,BRK,,HOU,W (+7),0,16:17,2,5,.400,0,0,,2,3,.667,2,5,7,3,0,0,0,2,6,7.1,-19
6,6,2019-11-02,31-104,BRK,@,DET,L (-4),1,29:58,5,8,.625,0,0,,0,0,,1,9,10,3,1,4,2,3,10,12.5,-8
7,7,2019-11-04,31-106,BRK,,NOP,W (+10),0,16:04,2,3,.667,0,0,,0,0,,0,5,5,2,1,2,2,1,4,5.6,-5
8,,2019-11-08,31-110,BRK,@,POR,W (+4),NA,NA,NA,NA,NA,NA,NA,NA,NA,NA,NA,NA,NA,NA,NA,NA,NA,NA,NA,NA,NA,NA
9,8,2019-11-10,31-112,BRK,@,PHO,L (-26),0,24:05,8,9,.889,0,0,,0,0,,1,11,12,3,0,0,0,2,16,18.2,-6
10,9,2019-11-12,31-114,BRK,@,UTA,L (-5),0,30:26,6,8,.750,0,0,,3,4,.750,5,12,17,4,2,2,2,2,15,21.9,+9
11,10,2019-11-14,31-116,BRK,@,DEN,L (-8),0,17:27,0,1,.000,0,0,,0,0,,1,10,11,3,0,1,0,0,0,5.8,-2
12,11,2019-11-16,31-118,BRK,@,CHI,W (+6),0,25:54,2,4,.500,0,0,,3,4,.750,2,5,7,4,0,4,0,3,7,11.9,-3
13,12,2019-11-18,31-120,BRK,,IND,L (-29),0,17:45,2,2,1.000,0,0,,2,2,1.000,1,2,3,2,0,0,1,2,6,6.3,-15
14,13,2019-11-20,31-122,BRK,,CHO,W (+10),0,20:26,5,5,1.000,0,0,,4,4,1.000,0,7,7,0,0,0,0,1,14,14.2,0
15,14,2019-11-22,31-124,BRK,,SAC,W (+19),0,19:21,3,5,.600,0,0,,0,2,.000,5,5,10,3,1,0,1,5,6,8.0,+13
16,15,2019-11-24,31-126,BRK,@,NYK,W (+2),0,16:10,2,3,.667,0,0,,2,2,1.000,2,3,5,1,0,1,1,1,6,7.0,-1
17,,2019-11-25,31-127,BRK,@,CLE,W (+2),NA,NA,NA,NA,NA,NA,NA,NA,NA,NA,NA,NA,NA,NA,NA,NA,NA,NA,NA,NA,NA,NA
18,,2019-11-27,31-129,BRK,@,BOS,L (-11),NA,NA,NA,NA,NA,NA,NA,NA,NA,NA,NA,NA,NA,NA,NA,NA,NA,NA,NA,NA,NA,NA
19,16,2019-11-29,31-131,BRK,,BOS,W (+5),0,22:37,4,6,.667,0,0,,0,0,,3,8,11,1,1,1,1,0,8,11.3,-10
20,17,2019-12-01,31-133,BRK,,MIA,L (-3),0,23:38,7,8,.875,0,0,,1,3,.333,2,6,8,2,1,0,1,2,15,15.2,-2
21,18,2019-12-04,31-136,BRK,@,ATL,W (+12),0,19:05,1,2,.500,0,0,,2,2,1.000,1,8,9,2,0,1,2,1,4,5.8,+6
22,19,2019-12-06,31-138,BRK,@,CHO,W (+7),0,25:53,6,7,.857,0,0,,4,4,1.000,5,8,13,3,0,2,1,2,16,21.1,+1
23,20,2019-12-08,31-140,BRK,,DEN,W (+3),0,18:14,3,3,1.000,0,0,,1,1,1.000,1,5,6,2,0,0,1,3,7,7.5,-9
24,21,2019-12-11,31-143,BRK,,CHO,L (-5),0,21:30,3,6,.500,0,0,,3,3,1.000,6,8,14,1,0,1,0,3,9,12.8,-3
25,22,2019-12-14,31-146,BRK,@,TOR,L (-8),0,20:18,3,9,.333,0,0,,1,2,.500,6,7,13,2,0,1,1,3,7,7.7,-3
26,23,2019-12-15,31-147,BRK,,PHI,W (+20),0,21:43,6,9,.667,0,0,,1,3,.333,5,6,11,2,1,0,2,0,13,14.0,+10