Rk,G,Date,,Opp,W/L,Tm,Opp,FG,FGA,FG%,3P,3PA,3P%,FT,FTA,FT%,ORB,TRB,AST,STL,BLK,TOV,PF,,FG,FGA,FG%,3P,3PA,3P%,FT,FTA,FT%,ORB,TRB,AST,STL,BLK,TOV,PF
1,1,2019-10-23,@,PHO,L,95,124,34,87,.391,10,29,.345,17,26,.654,12,47,17,5,5,26,24,,49,98,.500,11,33,.333,15,18,.833,9,44,31,13,9,14,25
2,2,2019-10-25,,POR,L,112,122,37,87,.425,15,37,.405,23,27,.852,13,43,17,10,2,17,26,,46,85,.541,11,30,.367,19,22,.864,5,40,23,8,5,16,23
3,3,2019-10-26,@,UTA,L,81,113,30,81,.370,7,26,.269,14,17,.824,6,31,16,5,3,17,19,,44,78,.564,18,37,.486,7,12,.583,2,43,28,6,1,21,22
4,4,2019-10-28,,DEN,L,94,101,36,91,.396,12,37,.324,10,16,.625,15,48,25,6,8,12,21,,36,98,.367,10,36,.278,19,21,.905,19,54,19,8,5,10,18
5,5,2019-10-30,,CHO,L,111,118,44,96,.458,14,46,.304,9,12,.750,10,39,26,11,5,15,19,,46,84,.548,16,32,.500,10,14,.714,10,46,30,8,3,20,17
6,6,2019-11-01,,UTA,W,102,101,41,84,.488,8,29,.276,12,17,.706,11,38,15,8,3,16,23,,35,73,.479,11,28,.393,20,27,.741,6,36,18,12,5,17,18
7,7,2019-11-03,@,NYK,W,113,92,41,85,.482,15,39,.385,16,25,.640,10,50,25,7,5,14,29,,32,80,.400,8,31,.258,20,31,.645,9,38,18,6,5,13,23
8,8,2019-11-06,@,TOR,L,120,124,42,95,.442,20,44,.455,16,21,.762,12,43,23,8,7,14,23,,43,78,.551,14,29,.483,24,29,.828,2,37,28,10,4,14,20
9,9,2019-11-08,@,ATL,W,121,109,42,76,.553,18,31,.581,19,22,.864,9,36,27,7,7,14,19,,46,87,.529,9,28,.321,8,14,.571,11,34,23,8,6,12,19
10,10,2019-11-12,,POR,W,107,99,38,86,.442,11,32,.344,20,26,.769,11,46,24,9,5,14,25,,34,77,.442,8,30,.267,23,30,.767,7,40,15,4,5,17,19
11,11,2019-11-15,@,LAL,L,97,99,36,82,.439,16,39,.410,9,9,1.000,10,43,24,7,0,17,22,,34,81,.420,11,37,.297,20,22,.909,10,41,22,11,6,13,18
12,12,2019-11-17,,BOS,W,100,99,38,89,.427,14,35,.400,10,12,.833,10,45,22,8,7,12,24,,34,82,.415,10,30,.333,21,24,.875,10,46,26,7,3,14,14
13,13,2019-11-19,,PHO,W,120,116,42,79,.532,13,31,.419,23,25,.920,8,43,28,7,7,18,26,,38,89,.427,12,36,.333,28,34,.824,14,39,24,11,4,10,20
14,14,2019-11-22,@,BRK,L,97,116,39,86,.453,4,26,.154,15,19,.789,7,33,26,8,2,16,25,,41,81,.506,12,34,.353,22,31,.710,13,48,22,9,3,18,18
15,15,2019-11-24,@,WAS,W,113,106,39,81,.481,11,31,.355,24,28,.857,6,39,22,9,5,13,17,,42,92,.457,13,34,.382,9,12,.750,12,45,29,5,2,16,23
16,16,2019-11-25,@,BOS,L,102,103,37,79,.468,18,47,.383,10,15,.667,8,36,28,3,8,14,18,,38,85,.447,7,30,.233,20,23,.870,11,38,20,10,4,11,16
17,17,2019-11-27,@,PHI,L,91,97,39,95,.411,9,34,.265,4,9,.444,8,42,22,9,3,11,19,,36,77,.468,5,26,.192,20,24,.833,7,49,20,8,10,17,12
18,18,2019-11-30,,DEN,W,100,97,37,96,.385,8,33,.242,18,21,.857,13,50,22,12,4,14,23,,36,87,.414,11,32,.344,14,21,.667,9,48,23,11,5,16,21
19,19,2019-12-02,,CHI,L,106,113,40,83,.482,9,33,.273,17,20,.850,10,41,22,7,5,18,26,,36,75,.480,16,37,.432,25,29,.862,3,32,20,9,0,18,20
20,20,2019-12-04,@,POR,L,116,127,44,95,.463,11,34,.324,17,23,.739,13,44,26,7,7,10,17,,47,84,.560,16,32,.500,17,21,.810,6,43,28,6,10,12,18
21,21,2019-12-06,@,SAS,L,104,105,40,102,.392,9,34,.265,15,18,.833,16,52,19,10,3,14,20,,41,96,.427,11,32,.344,12,17,.706,13,52,25,10,5,17,16
22,22,2019-12-08,@,DAL,W,110,106,44,85,.518,13,34,.382,9,11,.818,7,35,24,7,1,8,16,,41,86,.477,17,44,.386,7,8,.875,10,40,24,3,1,12,11
23,23,2019-12-09,@,HOU,W,119,118,40,88,.455,20,45,.444,19,22,.864,9,37,24,14,5,9,17,,41,84,.488,17,50,.340,19,23,.826,11,51,25,4,6,19,20
24,24,2019-12-11,,OKC,W,94,93,39,88,.443,10,31,.323,6,10,.600,6,41,12,8,3,15,21,,34,79,.430,13,33,.394,12,18,.667,7,43,24,8,8,15,16